0
1
2
1363
3
4
5
6
7
8
9
10
11
12
13
1055
1056
14
15
1057
16
1301
1058
17
18
1059
19
1302
20
1060
21
22
23
1303
24
25
26
27
28
1304
1061
29
30
31
32
1305
1062
33
34
1063
1064
1306
1065
35
36
37
38
1307
39
40
41
42
43
1308
1066
44
45
1067
46
1309
1068
47
1310
48
49
1311
50
51
1312
52
53
1313
54
55
1314
56
1224
1315
1069
57
1316
1070
58
1317
1071
59
1318
60
61
1319
62
63
1320
64
65
1321
66
67
68
69
70
71
72
73
74
75
76
77
78
79
80
81
82
1322
83
84
1323
85
86
1072
87
1073
88
89
90
91
92
93
94
95
96
97
98
99
100
101
1074
102
103
1075
104
105
1076
1077
1078
106
107
108
109
110
111
112
113
114
115
116
117
118
1324
1079
119
120
1080
121
1325
1081
122
1326
1082
123
124
1083
125
126
1084
127
1327
1085
128
1086
1087
129
130
1088
131
132
1089
133
134
1090
135
1328
1091
136
137
1092
138
139
1093
140
1329
1094
141
1095
1096
142
1330
1097
143
1331
1098
144
1332
1099
145
1100
1101
146
1333
1102
147
1334
1103
148
1104
1105
149
1106
1107
150
151
1108
152
153
1109
154
155
1110
156
157
1225
1111
158
159
1112
1113
160
161
1114
162
163
1115
164
165
166
1116
167
168
1117
169
170
1118
171
172
1119
173
174
1120
175
1121
176
177
1122
178
179
1123
180
181
182
1124
183
1335
184
1125
185
1126
186
1127
187
1128
1129
188
1130
1131
189
1132
1133
190
1134
1135
191
1136
192
1137
193
1336
1138
1226
194
1139
195
1140
1141
196
1142
1143
197
1144
1145
198
1146
1147
199
1148
1149
200
201
202
1244
203
204
1245
205
206
1246
207
208
1247
209
210
1248
1150
211
1249
1151
212
1250
1152
213
1251
214
1252
215
216
1253
217
218
1254
219
220
1255
221
222
1256
223
1153
1257
224
1154
1258
225
1155
1259
226
1156
227
1260
1157
228
1261
1158
1227
229
1159
1228
230
1160
1229
231
1161
1230
232
1162
233
234
1364
235
236
1163
1262
237
1164
1263
238
1165
1231
239
1166
1232
240
1167
1233
241
1168
1234
242
1169
243
244
1337
1365
1170
245
246
1264
247
248
1265
1366
249
1266
1367
250
1267
251
252
1268
253
254
1269
255
256
257
1338
1171
1270
258
259
1271
260
261
1272
262
1368
1273
263
1369
1274
264
265
1275
266
267
1276
1370
268
1277
1371
269
1278
270
1279
271
272
1280
273
1339
274
275
1172
1235
1173
276
1281
277
278
1282
279
280
281
1174
1175
1176
1177
282
283
1178
284
285
1179
1340
1283
1180
1341
1284
1181
1342
1182
1285
1343
1183
1286
286
1372
1287
287
1373
1288
1374
288
289
1344
1289
1184
1345
1290
1185
1346
1291
1186
290
291
1292
292
293
1293
294
1375
1294
295
1376
1295
1377
1347
296
1378
1348
297
1379
1349
298
299
1380
300
301
1381
302
1382
303
304
1383
305
306
1384
307
308
1385
1350
309
310
311
312
1386
1351
313
314
1387
315
1388
316
317
1389
318
319
1390
1236
320
321
1391
322
1392
1352
323
1393
1353
324
1394
1354
325
1355
1187
1237
1356
1188
1238
1395
326
327
328
1396
329
330
1397
331
332
333
1189
334
335
1190
336
337
1191
338
339
1192
1398
340
341
1399
342
1239
1400
343
1240
344
345
346
1357
347
1193
348
1401
1241
349
1533
350
1358
351
1194
1402
352
353
1403
1242
354
1404
1243
355
356
357
358
1195
1196
1425
1197
1198
1426
359
1534
360
1359
1296
1199
1360
1297
1200
1405
1201
361
362
1202
1298
363
1203
1299
364
1427
365
366
1428
367
368
1535
369
1406
370
1429
1407
371
1430
1408
1409
1431
1410
372
1432
1411
373
1433
1204
1205
374
1412
375
1434
1413
376
1435
377
378
1436
379
380
1437
381
382
1438
383
384
1439
385
386
1440
1414
1206
1441
387
388
1442
389
1443
390
391
1444
392
393
1445
394
395
1446
396
397
1447
398
399
1448
400
401
1449
402
403
1450
404
405
1451
406
407
1452
408
409
1453
410
411
1454
412
413
1455
414
415
1456
416
417
1457
418
419
1458
420
421
1459
422
423
1460
424
425
1461
426
427
1462
428
429
1463
430
431
1464
432
433
1465
434
435
1466
436
437
1467
438
439
1468
440
441
1469
442
443
1470
444
445
1471
446
447
1472
448
449
1473
450
451
1474
452
453
1475
454
455
1476
456
457
1477
458
459
1478
460
461
1479
462
463
1480
464
465
1481
466
467
1482
468
469
1483
470
471
1484
472
473
1485
474
475
1486
476
477
1487
478
479
1488
480
1415
1489
481
1416
482
1490
483
1511
484
1512
485
486
1513
487
488
1207
1514
489
490
491
1515
492
493
1516
494
1491
495
496
497
1492
1417
1208
1493
1209
498
1517
499
1210
1518
500
501
1519
502
503
1520
504
505
1521
506
1494
507
508
1495
509
510
1496
511
1211
1212
1522
512
1213
1523
1361
1524
1525
513
514
1526
515
516
1527
517
1497
518
519
1498
520
521
1499
522
523
524
1528
525
1214
1529
1362
526
1530
527
1531
528
529
1532
530
531
1500
532
533
1501
534
535
1502
536
1418
1215
1503
1419
1216
1504
1420
537
1217
1421
538
1218
1422
539
1219
540
1505
541
542
1506
543
544
1507
545
546
547
548
549
550
551
1423
1220
552
553
554
555
1424
1221
556
557
1508
558
559
1509
560
561
1510
562
563
1222
564
565
566
567
1223
1300
568
569
570
571
572
573
574
575
576
577
578
579
580
581
582
583
584
585
586
587
588
589
590
591
592
593
594
595
596
597
598
599
600
601
602
603
604
605
606
607
608
609
610
611
612
613
614
615
616
617
618
619
620
621
622
623
624
625
626
627
628
629
630
631
632
633
634
635
636
637
638
639
640
641
642
643
644
645
646
647
648
649
650
651
652
653
654
655
656
657
658
659
660
661
662
663
664
665
666
667
668
669
670
671
672
673
674
675
676
677
678
679
680
681
682
683
684
685
686
687
688
689
690
691
692
693
694
695
696
697
698
699
700
701
702
703
704
705
706
707
708
709
710
711
712
713
714
715
716
717
718
719
720
721
722
723
724
725
726
727
728
729
730
731
732
733
734
735
736
737
738
739
740
741
742
743
744
745
746
747
748
749
750
751
752
753
754
755
756
757
758
759
760
761
762
763
764
765
766
767
768
769
770
771
772
773
774
775
776
777
778
779
780
781
782
783
784
785
786
787
788
789
790
791
792
793
794
795
796
797
798
799
800
801
802
803
804
805
806
807
808
809
810
811
812
813
814
815
816
817
818
819
820
821
822
823
824
825
826
827
828
829
830
831
832
833
834
835
836
837
838
839
840
841
842
843
844
845
846
847
848
849
850
851
852
853
854
855
856
857
858
859
860
861
862
863
864
865
866
867
868
869
870
871
872
873
874
875
876
877
878
879
880
881
882
883
884
885
886
887
888
889
890
891
892
893
894
895
896
897
898
899
900
901
902
903
904
905
906
907
908
909
910
911
912
913
914
915
916
917
918
919
920
921
922
923
924
925
926
927
928
929
930
931
932
933
934
935
936
937
938
939
940
941
942
943
944
945
946
947
948
949
950
951
952
953
954
955
956
957
958
959
960
961
962
963
964
965
966
967
968
969
970
971
972
973
974
975
976
977
978
979
980
981
982
983
984
985
986
987
988
989
990
991
992
993
994
995
996
997
998
999
1000
1001
1002
1003
1004
1005
1006
1007
1008
1009
1010
1011
1012
1013
1014
1015
1016
1017
1018
1019
1020
1021
1022
1023
1024
1025
1026
1027
1028
1029
1030
1031
1032
1033
1034
1035
1036
1037
1038
1039
1040
1041
1042
1043
1044
1045
1046
1047
1048
1049
1050
1051
1052
1053
1054
