0
1
2
4
5
6
7
8
9
10
11
12
13
14
17
18
20
23
24
26
28
30
31
32
34
35
36
37
38
41
42
43
44
47
48
53
54
55
56
58
59
60
61
62
65
66
68
71
73
74
76
77
79
80
82
83
85
89
92
95
97
98
100
101
103
104
106
107
108
109
110
111
112
113
114
115
116
117
118
119
120
121
122
124
125
127
128
130
132
133
134
135
136
137
138
139
140
141
142
143
144
145
147
148
150
151
155
156
157
158
159
160
161
162
163
164
165
166
167
170
171
173
176
179
180
182
183
185
188
191
192
194
195
197
198
200
203
204
206
207
209
212
215
218
221
224
227
230
233
236
239
240
242
243
245
246
248
249
252
253
256
257
259
260
262
263
264
266
267
269
270
272
273
275
276
278
280
281
283
284
286
287
288
290
292
294
296
298
301
304
307
310
312
314
318
320
323
326
329
332
335
336
337
339
340
342
343
345
346
348
349
352
355
358
360
362
363
365
366
368
369
371
372
374
377
380
383
385
388
392
395
398
401
403
404
406
407
410
413
416
419
422
425
427
428
432
433
435
436
439
442
444
445
447
448
450
451
452
456
457
459
460
462
465
468
469
471
472
475
478
480
482
483
485
487
488
492
494
495
497
498
499
504
505
507
508
522
525
529
530
540
541
543
544
546
549
554
557
560
561
563
564
566
568
569
571
572
574
575
578
579
580
581
584
585
587
589
590
592
593
596
597
599
602
605
608
616
617
618
620
621
623
624
625
627
628
630
631
633
634
637
638
640
643
645
646
647
649
651
654
656
658
661
662
665
668
669
670
671
678
680
689
690
693
696
698
699
701
702
704
706
709
715
718
722
724
727
729
730
732
733
735
736
738
739
741
742
747
748
750
752
753
755
756
758
759
761
762
764
765
767
768
770
771
773
774
776
777
779
780
782
783
785
786
788
789
791
792
794
795
797
798
800
801
803
804
806
807
809
810
812
813
815
816
818
819
821
822
824
825
827
828
830
831
833
834
836
837
839
840
842
843
845
846
848
849
851
852
854
855
857
858
860
861
863
864
866
867
869
870
872
873
875
876
878
879
881
882
884
885
887
890
892
894
896
898
899
901
902
905
906
907
909
910
912
914
915
916
922
924
927
928
930
931
933
934
936
938
939
941
942
944
948
954
955
957
958
960
962
963
965
966
968
969
970
972
976
978
980
981
983
984
986
987
989
990
992
1000
1003
1006
1008
1010
1011
1013
1014
1016
1017
1018
1019
1020
1021
1022
1025
1026
1027
1028
1031
1032
1034
1035
1037
1038
1040
1041
1043
1044
1045
1046
1049
1050
1051
1052
1053
1054
1055
1056
1057
1058
1059
1060
1061
1062
1063
1064
1065
1066
1067
1068
1069
1070
1071
1072
1073
1074
1075
1076
1077
1078
1079
1080
1081
1082
1083
1084
1085
1086
1087
1088
1089
1090
1091
1092
1093
1094
1095
1096
1097
1098
1099
1100
1101
1102
1103
1104
1105
1106
1107
1108
1109
1110
1111
1112
1113
1114
1115
1116
1117
1118
1119
1120
1121
1122
1123
1124
1125
1126
1127
1128
1129
1130
1131
1132
1133
1134
1135
1136
1137
1138
1139
1140
1141
1142
1143
1144
1145
1146
1147
1148
1149
1150
1151
1152
1153
1154
1155
1156
1157
1158
1159
1160
1161
1162
1163
1164
1165
1166
1167
1168
1169
1170
1171
1172
1173
1174
1175
1176
1177
1178
1179
1180
1181
1182
1183
1184
1185
1186
1187
1188
1189
1190
1191
1192
1193
1194
1195
1196
1197
1198
1199
1200
1201
1202
1203
1204
1205
1206
1207
1208
1209
1210
1211
1212
1213
1214
1215
1216
1217
1218
1219
1220
1221
1222
1223
1224
1225
1226
1227
1228
1229
1230
1231
1232
1233
1234
1235
1236
1237
1238
1239
1240
1241
1242
1243
1244
1245
1246
1247
1248
1249
1250
1251
1252
1253
1254
1255
1256
1257
1258
1259
1260
1261
1262
1263
1264
1265
1266
1267
1268
1269
1270
1271
1272
1273
1274
1275
1276
1277
1278
1279
1280
1281
1282
1283
1284
1285
1286
1287
1288
1289
1290
1291
1292
1293
1294
1295
1296
1297
1298
1299
1300
1301
1302
1303
1304
1305
1306
1307
1308
1309
1310
1311
1312
1313
1314
1315
1316
1317
1318
1319
1320
1321
1322
1323
1324
1325
1326
1327
1328
1329
1330
1331
1332
1333
1334
1335
1336
1337
1338
1339
1340
1341
1342
1343
1344
1345
1346
1347
1348
1349
1350
1351
1352
1353
1354
1355
1356
1357
1358
1359
1360
1361
1362
1363
1364
1365
1366
1367
1368
1369
1370
1371
1372
1373
1374
1375
1376
1377
1378
1379
1380
1381
1382
1383
1384
1385
1386
1387
1388
1389
1390
1391
1392
1393
1394
1395
1396
1397
1398
1399
1400
1401
1402
1403
1404
1405
1406
1407
1408
1409
1410
1411
1412
1413
1414
1415
1416
1417
1418
1419
1420
1421
1422
1423
1424
1425
1426
1427
1428
1429
1430
1431
1432
1433
1434
1435
1436
1437
1438
1439
1440
1441
1442
1443
1444
1445
1446
1447
1448
1449
1450
1451
1452
1453
1454
1455
1456
1457
1458
1459
1460
1461
1462
1463
1464
1465
1466
1467
1468
1469
1470
1471
1472
1473
1474
1475
1476
1477
1478
1479
1480
1481
1482
1483
1484
1485
1486
1487
1488
1489
1490
1491
1492
1493
1494
1495
1496
1497
1498
1499
1500
1501
1502
1503
1504
1505
1506
1507
1508
1509
1510
1511
1512
1513
1514
1515
1516
1517
1518
1519
1520
1521
1522
1523
1524
1525
1526
1527
1528
1529
1530
1531
1532
1533
1534
1535
15
16
19
22
25
29
40
46
49
50
52
64
67
70
88
91
94
129
131
146
149
152
153
154
169
172
175
178
181
184
187
189
190
193
196
199
202
205
208
211
213
214
217
220
223
225
226
229
232
234
235
237
238
241
244
247
251
254
255
258
261
265
268
271
274
277
279
282
285
289
293
295
297
299
300
302
303
305
306
308
309
311
313
316
319
321
322
324
325
327
328
330
331
333
334
351
354
357
375
378
381
384
387
390
393
396
399
402
408
411
414
417
420
423
426
431
454
489
491
500
501
502
503
506
509
512
515
517
520
533
536
539
610
613
626
629
632
635
650
659
672
673
675
676
683
686
688
691
694
720
721
745
903
919
921
925
945
946
949
973
994
997
1001
1004
1007
1024
1030
1042
1047
86
250
317
391
394
397
400
415
418
421
424
490
595
611
614
641
644
653
664
667
338
341
344
347
350
353
356
359
361
364
367
370
373
376
379
382
386
389
409
412
434
437
440
443
446
449
455
458
461
464
467
470
473
476
479
481
484
493
496
511
514
518
521
524
527
532
535
538
542
545
548
551
682
685
692
695
1048
21
27
33
39
45
51
57
63
69
72
75
78
81
84
87
90
93
96
99
102
105
123
126
168
174
177
186
201
210
216
219
222
228
231
291
315
429
453
486
510
513
516
519
531
534
537
553
556
559
577
583
601
604
607
609
612
648
657
681
684
951
975
3
405
430
438
441
463
466
474
477
523
526
528
547
550
552
555
558
562
565
567
570
573
576
582
586
588
591
594
598
600
603
606
615
619
622
636
639
642
652
660
663
666
687
705
708
711
712
714
717
723
726
744
888
891
918
993
996
999
1002
1005
1023
1029
674
677
697
700
707
710
713
716
719
725
728
731
734
737
740
743
746
749
751
754
757
760
763
766
769
772
775
778
781
784
787
790
793
796
799
802
805
808
811
814
817
820
823
826
829
832
835
838
841
844
847
850
853
856
859
862
865
868
871
874
877
880
883
886
889
893
913
917
920
937
940
943
961
964
967
985
988
991
995
998
1009
1012
1015
1033
1036
1039
895
897
900
904
908
911
923
926
929
932
935
947
950
952
953
956
959
971
974
977
979
982
655
679
703
